42 14 64
2 6
2 2 2 2 2 2 2 2 2 2 2 2 2 2 2 2 2 2 2 2 2 2 2 2 2 2 2 2 2 2 2 2 2 2 2 2 2 2 2 2 2 2
6 6 6 6 6 6 6 6 6 6 6 6 6 6
7 11 
1 12 
2 13 
3 14 
4 8 
5 9 
6 10 
6 14 
7 8 
1 9 
2 10 
3 11 
4 12 
5 13 
4 13 
5 14 
6 8 
7 9 
1 10 
2 11 
3 12 
5 10 
6 11 
7 12 
1 13 
2 14 
3 8 
4 9 
2 12 
3 13 
4 14 
5 8 
6 9 
7 10 
1 11 
3 9 
4 10 
5 11 
6 12 
7 13 
1 14 
2 8 
2 10 19 25 35 41 
3 11 20 26 29 42 
4 12 21 27 30 36 
5 13 15 28 31 37 
6 14 16 22 32 38 
7 8 17 23 33 39 
1 9 18 24 34 40 
5 9 17 27 32 42 
6 10 18 28 33 36 
7 11 19 22 34 37 
1 12 20 23 35 38 
2 13 21 24 29 39 
3 14 15 25 30 40 
4 8 16 26 31 41 
36 45 
11 25 
3 13 
9 10 
29 63 
50 6 
61 28 
59 40 
52 63 
52 47 
63 60 
46 54 
20 50 
63 22 
57 45 
15 55 
9 19 
40 35 
17 42 
16 41 
35 6 
63 62 
11 60 
23 54 
20 25 
62 15 
14 39 
25 12 
16 62 
43 41 
62 58 
48 42 
41 17 
58 12 
29 14 
55 48 
61 11 
31 22 
58 17 
58 34 
31 44 
41 2 
11 52 17 20 29 31 
3 63 16 62 16 41 
9 46 35 14 43 55 
29 20 57 25 62 61 
50 63 15 63 48 31 
61 59 9 11 41 58 
36 52 40 23 58 58 
63 63 19 39 42 2 
6 47 35 12 17 48 
28 60 42 62 12 11 
45 54 41 60 14 22 
25 50 6 54 62 17 
13 22 45 25 41 34 
10 40 55 15 58 44 
