42 14 64
2 2 2 2 2 2 2 2 2 2 2 2 2 2 2 2 2 2 2 2 2 2 2 2 2 2 2 2 2 2 2 2 2 2 2 2 2 2 2 2 2 2
6 6 6 6 6 6 6 6 6 6 6 6 6 6
5 35 10 48 16 59 28 53 32 16 41 0
6 19 11 29 17 50 22 22 33 42 42 0
7 22 12 16 18 18 23 30 34 53 36 0
1 38 13 35 19 4 24 8 35 24 37 0
2 3 14 43 20 43 25 61 29 15 38 0
3 6 8 33 21 56 26 46 30 47 39 0
4 42 9 31 15 28 27 45 31 23 40 0
2 4 12 32 17 22 27 26 35 50 39 0
3 15 13 27 18 33 28 9 29 60 40 0
4 22 14 37 19 25 22 39 30 17 41 0
5 57 8 19 20 21 23 21 31 24 42 0
6 53 9 14 21 11 24 37 32 12 36 0
7 2 10 28 15 34 25 37 33 52 37 0
1 61 11 37 16 44 26 59 34 45 38 0
