42 14 64
2 2 2 2 2 2 2 2 2 2 2 2 2 2 2 2 2 2 2 2 2 2 2 2 2 2 2 2 2 2 2 2 2 2 2 2 2 2 2 2 2 2
6 6 6 6 6 6 6 6 6 6 6 6 6 6
2 56 10 7 19 30 25 61 35 10 41 55
3 0 11 45 20 53 26 23 29 18 42 11
4 49 12 40 21 45 27 46 30 54 36 56
5 16 13 43 15 44 28 61 31 49 37 15
6 30 14 29 16 28 22 27 32 8 38 9
7 40 8 34 17 45 23 32 33 53 39 4
1 22 9 12 18 10 24 52 34 38 40 43
5 2 9 19 17 9 27 5 32 21 42 59
6 14 10 15 18 49 28 10 33 54 36 4
7 42 11 19 19 40 22 26 34 11 37 44
1 41 12 10 20 59 23 59 35 55 38 39
2 61 13 19 21 9 24 46 29 49 39 2
3 5 14 7 15 55 25 52 30 27 40 20
4 27 8 51 16 53 26 38 31 46 41 49
