600 600 16
5 4 5 5 5 4 4 4 4 4 5 4 5 5 5 4 4 4 4 4 5 4 5 5 5 4 4 4 4 4 5 4 5 5 5 4 4 4 4 4 5 4 5 5 5 4 4 4 4 4 5 4 5 5 5 4 4 4 4 4 5 4 5 5 5 4 4 4 4 4 5 4 5 5 5 4 4 4 4 4 5 4 5 5 5 4 4 4 4 4 5 4 5 5 5 4 4 4 4 4 5 4 5 5 5 4 4 4 4 4 5 4 5 5 5 4 4 4 4 4 5 4 5 5 5 4 4 4 4 4 5 4 5 5 5 4 4 4 4 4 5 4 5 5 5 4 4 4 4 4 5 4 5 5 5 4 4 4 4 4 5 4 5 5 5 4 4 4 4 4 5 4 5 5 5 4 4 4 4 4 5 4 5 5 5 4 4 4 4 4 5 4 5 5 5 4 4 4 4 4 5 4 5 5 5 4 4 4 4 4 5 4 5 5 5 4 4 4 4 4 5 4 5 5 5 4 4 4 4 4 5 4 5 5 5 4 4 4 4 4 5 4 5 5 5 4 4 4 4 4 5 4 5 5 5 4 4 4 4 4 5 4 5 5 5 4 4 4 4 4 5 4 5 5 5 4 4 4 4 4 5 4 5 5 5 4 4 4 4 4 5 4 5 5 5 4 4 4 4 4 5 4 5 5 5 4 4 4 4 4 5 4 5 5 5 4 4 4 4 4 5 4 5 5 5 4 4 4 4 4 5 4 5 5 5 4 4 4 4 4 5 4 5 5 5 4 4 4 4 4 5 4 5 5 5 4 4 4 4 4 5 4 5 5 5 4 4 4 4 4 5 4 5 5 5 4 4 4 4 4 5 4 5 5 5 4 4 4 4 4 5 4 5 5 5 4 4 4 4 4 5 4 5 5 5 4 4 4 4 4 5 4 5 5 5 4 4 4 4 4 5 4 5 5 5 4 4 4 4 4 5 4 5 5 5 4 4 4 4 4 5 4 5 5 5 4 4 4 4 4 5 4 5 5 5 4 4 4 4 4 5 4 5 5 5 4 4 4 4 4 5 4 5 5 5 4 4 4 4 4 5 4 5 5 5 4 4 4 4 4 5 4 5 5 5 4 4 4 4 4 5 4 5 5 5 4 4 4 4 4 5 4 5 5 5 4 4 4 4 4 5 4 5 5 5 4 4 4 4 4 5 4 5 5 5 4 4 4 4 4 5 4 5 5 5 4 4 4 4 4 5 4 5 5 5 4 4 4 4 4 5 4 5 5 5 4 4 4 4 4 5 4 5 5 5 4 4 4 4 4 5 4 5 5 5 4 4 4 4 4 5 4 5 5 5 4 4 4 4 4 
6 6 6 6 6 6 6 6 6 6 6 6 6 6 6 6 6 6 6 6 6 6 6 6 6 6 6 6 6 6 6 6 6 6 6 6 6 6 6 6 6 6 6 6 6 6 6 6 6 6 6 6 6 6 6 6 6 6 6 6 6 6 6 6 6 6 6 6 6 6 6 6 6 6 6 6 6 6 6 6 6 6 6 6 6 6 6 6 6 6 6 6 6 6 6 6 6 6 6 6 6 6 6 6 6 6 6 6 6 6 6 6 6 6 6 6 6 6 6 6 6 6 6 6 6 6 6 6 6 6 6 6 6 6 6 6 6 6 6 6 6 6 6 6 6 6 6 6 6 6 6 6 6 6 6 6 6 6 6 6 6 6 6 6 6 6 6 6 6 6 6 6 6 6 6 6 6 6 6 6 6 6 6 6 6 6 6 6 6 6 6 6 6 6 6 6 6 6 6 6 6 6 6 6 6 6 6 6 6 6 6 6 6 6 6 6 6 6 6 6 6 6 6 6 6 6 6 6 6 6 6 6 6 6 6 6 6 6 6 6 6 6 6 6 6 6 6 6 6 6 6 6 6 6 6 6 6 6 6 6 6 6 6 6 6 6 6 6 6 6 6 6 6 6 6 6 6 6 6 6 6 6 6 6 6 6 6 6 6 6 6 6 6 6 6 6 6 6 6 6 2 3 3 3 3 2 3 3 3 3 2 3 3 3 3 2 3 3 3 3 2 3 3 3 3 2 3 3 3 3 2 3 3 3 3 2 3 3 3 3 2 3 3 3 3 2 3 3 3 3 2 3 3 3 3 2 3 3 3 3 2 3 3 3 3 2 3 3 3 3 2 3 3 3 3 2 3 3 3 3 2 3 3 3 3 2 3 3 3 3 2 3 3 3 3 2 3 3 3 3 2 3 3 3 3 2 3 3 3 3 2 3 3 3 3 2 3 3 3 3 2 3 3 3 3 2 3 3 3 3 2 3 3 3 3 2 3 3 3 3 2 3 3 3 3 2 3 3 3 3 2 3 3 3 3 2 3 3 3 3 2 3 3 3 3 2 3 3 3 3 2 3 3 3 3 2 3 3 3 3 2 3 3 3 3 2 3 3 3 3 2 3 3 3 3 2 3 3 3 3 2 3 3 3 3 2 3 3 3 3 2 3 3 3 3 2 3 3 3 3 2 3 3 3 3 2 3 3 3 3 2 3 3 3 3 2 3 3 3 3 2 3 3 3 3 2 3 3 3 3 2 3 3 3 3 2 3 3 3 3 2 3 3 3 3 2 3 3 3 3 2 3 3 3 3 2 3 3 3 3 2 3 3 3 3 2 3 3 3 3 2 3 3 3 3 2 3 3 3 3 
1 1   101 1   201 8   301 8   401 1   511 5   
2 1   102 1   202 8   302 8   402 1   512 5   
3 1   103 1   203 8   303 8   403 1   513 5   
4 1   104 1   204 8   304 8   404 1   514 5   
5 1   105 1   205 8   305 8   405 1   515 5   
6 1   106 1   206 8   306 8   406 1   516 5   
7 1   107 1   207 8   307 8   407 1   517 5   
8 1   108 1   208 8   308 8   408 1   518 5   
9 1   109 1   209 8   309 8   409 1   519 5   
10 1   110 1   210 8   310 8   410 1   520 5   
11 13   111 4   211 7   311 0   411 9   491 7   
12 13   112 4   212 7   312 0   412 9   492 7   
13 13   113 4   213 7   313 0   413 9   493 7   
14 13   114 4   214 7   314 0   414 9   494 7   
15 13   115 4   215 7   315 0   415 9   495 7   
16 13   116 4   216 7   316 0   416 9   496 7   
17 13   117 4   217 7   317 0   417 9   497 7   
18 13   118 4   218 7   318 0   418 9   498 7   
19 13   119 4   219 7   319 0   419 9   499 7   
20 13   120 4   220 7   320 0   420 9   500 7   
11 5   121 10   221 14   321 3   421 13   521 9   
12 5   122 10   222 14   322 3   422 13   522 9   
13 5   123 10   223 14   323 3   423 13   523 9   
14 5   124 10   224 14   324 3   424 13   524 9   
15 5   125 10   225 14   325 3   425 13   525 9   
16 5   126 10   226 14   326 3   426 13   526 9   
17 5   127 10   227 14   327 3   427 13   527 9   
18 5   128 10   228 14   328 3   428 13   528 9   
19 5   129 10   229 14   329 3   429 13   529 9   
20 5   130 10   230 14   330 3   430 13   530 9   
21 9   131 0   231 11   331 14   431 11   511 13   
22 9   132 0   232 11   332 14   432 11   512 13   
23 9   133 0   233 11   333 14   433 11   513 13   
24 9   134 0   234 11   334 14   434 11   514 13   
25 9   135 0   235 11   335 14   435 11   515 13   
26 9   136 0   236 11   336 14   436 11   516 13   
27 9   137 0   237 11   337 14   437 11   517 13   
28 9   138 0   238 11   338 14   438 11   518 13   
29 9   139 0   239 11   339 14   439 11   519 13   
30 9   140 0   240 11   340 14   440 11   520 13   
31 1   131 13   241 12   341 11   441 2   531 8   
32 1   132 13   242 12   342 11   442 2   532 8   
33 1   133 13   243 12   343 11   443 2   533 8   
34 1   134 13   244 12   344 11   444 2   534 8   
35 1   135 13   245 12   345 11   445 2   535 8   
36 1   136 13   246 12   346 11   446 2   536 8   
37 1   137 13   247 12   347 11   447 2   537 8   
38 1   138 13   248 12   348 11   448 2   538 8   
39 1   139 13   249 12   349 11   449 2   539 8   
40 1   140 13   250 12   350 11   450 2   540 8   
41 4   141 10   221 10   351 12   451 10   541 3   
42 4   142 10   222 10   352 12   452 10   542 3   
43 4   143 10   223 10   353 12   453 10   543 3   
44 4   144 10   224 10   354 12   454 10   544 3   
45 4   145 10   225 10   355 12   455 10   545 3   
46 4   146 10   226 10   356 12   456 10   546 3   
47 4   147 10   227 10   357 12   457 10   547 3   
48 4   148 10   228 10   358 12   458 10   548 3   
49 4   149 10   229 10   359 12   459 10   549 3   
50 4   150 10   230 10   360 12   460 10   550 3   
51 9   151 1   221 8   361 1   431 1   531 9   
52 9   152 1   222 8   362 1   432 1   532 9   
53 9   153 1   223 8   363 1   433 1   533 9   
54 9   154 1   224 8   364 1   434 1   534 9   
55 9   155 1   225 8   365 1   435 1   535 9   
56 9   156 1   226 8   366 1   436 1   536 9   
57 9   157 1   227 8   367 1   437 1   537 9   
58 9   158 1   228 8   368 1   438 1   538 9   
59 9   159 1   229 8   369 1   439 1   539 9   
60 9   160 1   230 8   370 1   440 1   540 9   
61 0   161 13   251 11   351 0   461 9   551 9   
62 0   162 13   252 11   352 0   462 9   552 9   
63 0   163 13   253 11   353 0   463 9   553 9   
64 0   164 13   254 11   354 0   464 9   554 9   
65 0   165 13   255 11   355 0   465 9   555 9   
66 0   166 13   256 11   356 0   466 9   556 9   
67 0   167 13   257 11   357 0   467 9   557 9   
68 0   168 13   258 11   358 0   468 9   558 9   
69 0   169 13   259 11   359 0   469 9   559 9   
70 0   170 13   260 11   360 0   470 9   560 9   
1 1   161 3   241 1   321 12   471 9   561 4   
2 1   162 3   242 1   322 12   472 9   562 4   
3 1   163 3   243 1   323 12   473 9   563 4   
4 1   164 3   244 1   324 12   474 9   564 4   
5 1   165 3   245 1   325 12   475 9   565 4   
6 1   166 3   246 1   326 12   476 9   566 4   
7 1   167 3   247 1   327 12   477 9   567 4   
8 1   168 3   248 1   328 12   478 9   568 4   
9 1   169 3   249 1   329 12   479 9   569 4   
10 1   170 3   250 1   330 12   480 9   570 4   
71 10   121 10   261 2   341 0   461 13   571 4   
72 10   122 10   262 2   342 0   462 13   572 4   
73 10   123 10   263 2   343 0   463 13   573 4   
74 10   124 10   264 2   344 0   464 13   574 4   
75 10   125 10   265 2   345 0   465 13   575 4   
76 10   126 10   266 2   346 0   466 13   576 4   
77 10   127 10   267 2   347 0   467 13   577 4   
78 10   128 10   268 2   348 0   468 13   578 4   
79 10   129 10   269 2   349 0   469 13   579 4   
80 10   130 10   270 2   350 0   470 13   580 4   
81 8   171 2   271 14   321 3   371 14   511 9   
82 8   172 2   272 14   322 3   372 14   512 9   
83 8   173 2   273 14   323 3   373 14   513 9   
84 8   174 2   274 14   324 3   374 14   514 9   
85 8   175 2   275 14   325 3   375 14   515 9   
86 8   176 2   276 14   326 3   376 14   516 9   
87 8   177 2   277 14   327 3   377 14   517 9   
88 8   178 2   278 14   328 3   378 14   518 9   
89 8   179 2   279 14   329 3   379 14   519 9   
90 8   180 2   280 14   330 3   380 14   520 9   
91 14   141 0   281 10   341 7   471 8   581 4   
92 14   142 0   282 10   342 7   472 8   582 4   
93 14   143 0   283 10   343 7   473 8   583 4   
94 14   144 0   284 10   344 7   474 8   584 4   
95 14   145 0   285 10   345 7   475 8   585 4   
96 14   146 0   286 10   346 7   476 8   586 4   
97 14   147 0   287 10   347 7   477 8   587 4   
98 14   148 0   288 10   348 7   478 8   588 4   
99 14   149 0   289 10   349 7   479 8   589 4   
100 14   150 0   290 10   350 7   480 8   590 4   
21 8   141 9   201 2   371 4   421 1   501 11   
22 8   142 9   202 2   372 4   422 1   502 11   
23 8   143 9   203 2   373 4   423 1   503 11   
24 8   144 9   204 2   374 4   424 1   504 11   
25 8   145 9   205 2   375 4   425 1   505 11   
26 8   146 9   206 2   376 4   426 1   506 11   
27 8   147 9   207 2   377 4   427 1   507 11   
28 8   148 9   208 2   378 4   428 1   508 11   
29 8   149 9   209 2   379 4   429 1   509 11   
30 8   150 9   210 2   380 4   430 1   510 11   
51 5   181 2   241 6   381 6   451 7   571 1   
52 5   182 2   242 6   382 6   452 7   572 1   
53 5   183 2   243 6   383 6   453 7   573 1   
54 5   184 2   244 6   384 6   454 7   574 1   
55 5   185 2   245 6   385 6   455 7   575 1   
56 5   186 2   246 6   386 6   456 7   576 1   
57 5   187 2   247 6   387 6   457 7   577 1   
58 5   188 2   248 6   388 6   458 7   578 1   
59 5   189 2   249 6   389 6   459 7   579 1   
60 5   190 2   250 6   390 6   460 7   580 1   
71 10   151 2   201 11   311 12   441 9   591 10   
72 10   152 2   202 11   312 12   442 9   592 10   
73 10   153 2   203 11   313 12   443 9   593 10   
74 10   154 2   204 11   314 12   444 9   594 10   
75 10   155 2   205 11   315 12   445 9   595 10   
76 10   156 2   206 11   316 12   446 9   596 10   
77 10   157 2   207 11   317 12   447 9   597 10   
78 10   158 2   208 11   318 12   448 9   598 10   
79 10   159 2   209 11   319 12   449 9   599 10   
80 10   160 2   210 11   320 12   450 9   600 10   
71 8   191 3   251 12   331 14   451 13   561 4   
72 8   192 3   252 12   332 14   452 13   562 4   
73 8   193 3   253 12   333 14   453 13   563 4   
74 8   194 3   254 12   334 14   454 13   564 4   
75 8   195 3   255 12   335 14   455 13   565 4   
76 8   196 3   256 12   336 14   456 13   566 4   
77 8   197 3   257 12   337 14   457 13   567 4   
78 8   198 3   258 12   338 14   458 13   568 4   
79 8   199 3   259 12   339 14   459 13   569 4   
80 8   200 3   260 12   340 14   460 13   570 4   
91 0   161 12   211 11   391 3   431 11   591 5   
92 0   162 12   212 11   392 3   432 11   592 5   
93 0   163 12   213 11   393 3   433 11   593 5   
94 0   164 12   214 11   394 3   434 11   594 5   
95 0   165 12   215 11   395 3   435 11   595 5   
96 0   166 12   216 11   396 3   436 11   596 5   
97 0   167 12   217 11   397 3   437 11   597 5   
98 0   168 12   218 11   398 3   438 11   598 5   
99 0   169 12   219 11   399 3   439 11   599 5   
100 0   170 12   220 11   400 3   440 11   600 5   
61 7   181 4   271 6   311 1   481 0   501 7   
62 7   182 4   272 6   312 1   482 0   502 7   
63 7   183 4   273 6   313 1   483 0   503 7   
64 7   184 4   274 6   314 1   484 0   504 7   
65 7   185 4   275 6   315 1   485 0   505 7   
66 7   186 4   276 6   316 1   486 0   506 7   
67 7   187 4   277 6   317 1   487 0   507 7   
68 7   188 4   278 6   318 1   488 0   508 7   
69 7   189 4   279 6   319 1   489 0   509 7   
70 7   190 4   280 6   320 1   490 0   510 7   
31 5   191 5   291 1   381 11   411 3   521 8   
32 5   192 5   292 1   382 11   412 3   522 8   
33 5   193 5   293 1   383 11   413 3   523 8   
34 5   194 5   294 1   384 11   414 3   524 8   
35 5   195 5   295 1   385 11   415 3   525 8   
36 5   196 5   296 1   386 11   416 3   526 8   
37 5   197 5   297 1   387 11   417 3   527 8   
38 5   198 5   298 1   388 11   418 3   528 8   
39 5   199 5   299 1   389 11   419 3   529 8   
40 5   200 5   300 1   390 11   420 3   530 8   
81 4   131 13   211 3   401 1   421 2   571 12   
82 4   132 13   212 3   402 1   422 2   572 12   
83 4   133 13   213 3   403 1   423 2   573 12   
84 4   134 13   214 3   404 1   424 2   574 12   
85 4   135 13   215 3   405 1   425 2   575 12   
86 4   136 13   216 3   406 1   426 2   576 12   
87 4   137 13   217 3   407 1   427 2   577 12   
88 4   138 13   218 3   408 1   428 2   578 12   
89 4   139 13   219 3   409 1   429 2   579 12   
90 4   140 13   220 3   410 1   430 2   580 12   
41 3   171 2   231 7   381 7   391 1   561 6   
42 3   172 2   232 7   382 7   392 1   562 6   
43 3   173 2   233 7   383 7   393 1   563 6   
44 3   174 2   234 7   384 7   394 1   564 6   
45 3   175 2   235 7   385 7   395 1   565 6   
46 3   176 2   236 7   386 7   396 1   566 6   
47 3   177 2   237 7   387 7   397 1   567 6   
48 3   178 2   238 7   388 7   398 1   568 6   
49 3   179 2   239 7   389 7   399 1   569 6   
50 3   180 2   240 7   390 7   400 1   570 6   
31 11   101 9   271 10   351 0   471 12   591 14   
32 11   102 9   272 10   352 0   472 12   592 14   
33 11   103 9   273 10   353 0   473 12   593 14   
34 11   104 9   274 10   354 0   474 12   594 14   
35 11   105 9   275 10   355 0   475 12   595 14   
36 11   106 9   276 10   356 0   476 12   596 14   
37 11   107 9   277 10   357 0   477 12   597 14   
38 11   108 9   278 10   358 0   478 12   598 14   
39 11   109 9   279 10   359 0   479 12   599 14   
40 11   110 9   280 10   360 0   480 12   600 14   
81 5   151 11   281 10   391 11   491 12   521 11   
82 5   152 11   282 10   392 11   492 12   522 11   
83 5   153 11   283 10   393 11   493 12   523 11   
84 5   154 11   284 10   394 11   494 12   524 11   
85 5   155 11   285 10   395 11   495 12   525 11   
86 5   156 11   286 10   396 11   496 12   526 11   
87 5   157 11   287 10   397 11   497 12   527 11   
88 5   158 11   288 10   398 11   498 12   528 11   
89 5   159 11   289 10   399 11   499 12   529 11   
90 5   160 11   290 10   400 11   500 12   530 11   
1 10   171 9   261 8   361 11   411 13   541 4   
2 10   172 9   262 8   362 11   412 13   542 4   
3 10   173 9   263 8   363 11   413 13   543 4   
4 10   174 9   264 8   364 11   414 13   544 4   
5 10   175 9   265 8   365 11   415 13   545 4   
6 10   176 9   266 8   366 11   416 13   546 4   
7 10   177 9   267 8   367 11   417 13   547 4   
8 10   178 9   268 8   368 11   418 13   548 4   
9 10   179 9   269 8   369 11   419 13   549 4   
10 10   180 9   270 8   370 11   420 13   550 4   
21 12   181 2   261 2   291 0   491 10   531 12   
22 12   182 2   262 2   292 0   492 10   532 12   
23 12   183 2   263 2   293 0   493 10   533 12   
24 12   184 2   264 2   294 0   494 10   534 12   
25 12   185 2   265 2   295 0   495 10   535 12   
26 12   186 2   266 2   296 0   496 10   536 12   
27 12   187 2   267 2   297 0   497 10   537 12   
28 12   188 2   268 2   298 0   498 10   538 12   
29 12   189 2   269 2   299 0   499 10   539 12   
30 12   190 2   270 2   300 0   500 10   540 12   
11 4   101 13   281 14   331 12   501 6   551 8   
12 4   102 13   282 14   332 12   502 6   552 8   
13 4   103 13   283 14   333 12   503 6   553 8   
14 4   104 13   284 14   334 12   504 6   554 8   
15 4   105 13   285 14   335 12   505 6   555 8   
16 4   106 13   286 14   336 12   506 6   556 8   
17 4   107 13   287 14   337 12   507 6   557 8   
18 4   108 13   288 14   338 12   508 6   558 8   
19 4   109 13   289 14   339 12   509 6   559 8   
20 4   110 13   290 14   340 12   510 6   560 8   
41 10   111 9   291 2   401 12   461 9   581 14   
42 10   112 9   292 2   402 12   462 9   582 14   
43 10   113 9   293 2   403 12   463 9   583 14   
44 10   114 9   294 2   404 12   464 9   584 14   
45 10   115 9   295 2   405 12   465 9   585 14   
46 10   116 9   296 2   406 12   466 9   586 14   
47 10   117 9   297 2   407 12   467 9   587 14   
48 10   118 9   298 2   408 12   468 9   588 14   
49 10   119 9   299 2   409 12   469 9   589 14   
50 10   120 9   300 2   410 12   470 9   590 14   
91 11   191 6   301 2   361 7   481 9   551 6   
92 11   192 6   302 2   362 7   482 9   552 6   
93 11   193 6   303 2   363 7   483 9   553 6   
94 11   194 6   304 2   364 7   484 9   554 6   
95 11   195 6   305 2   365 7   485 9   555 6   
96 11   196 6   306 2   366 7   486 9   556 6   
97 11   197 6   307 2   367 7   487 9   557 6   
98 11   198 6   308 2   368 7   488 9   558 6   
99 11   199 6   309 2   369 7   489 9   559 6   
100 11   200 6   310 2   370 7   490 9   560 6   
51 10   111 4   251 1   371 10   481 8   541 6   
52 10   112 4   252 1   372 10   482 8   542 6   
53 10   113 4   253 1   373 10   483 8   543 6   
54 10   114 4   254 1   374 10   484 8   544 6   
55 10   115 4   255 1   375 10   485 8   545 6   
56 10   116 4   256 1   376 10   486 8   546 6   
57 10   117 4   257 1   377 10   487 8   547 6   
58 10   118 4   258 1   378 10   488 8   548 6   
59 10   119 4   259 1   379 10   489 8   549 6   
60 10   120 4   260 1   380 10   490 8   550 6   
61 14   121 5   231 8   301 9   441 12   581 11   
62 14   122 5   232 8   302 9   442 12   582 11   
63 14   123 5   233 8   303 9   443 12   583 11   
64 14   124 5   234 8   304 9   444 12   584 11   
65 14   125 5   235 8   305 9   445 12   585 11   
66 14   126 5   236 8   306 9   446 12   586 11   
67 14   127 5   237 8   307 9   447 12   587 11   
68 14   128 5   238 8   308 9   448 12   588 11   
69 14   129 5   239 8   309 9   449 12   589 11   
70 14   130 5   240 8   310 9   450 12   590 11   
3 12   6 0   
3 9   5 7   7 0   
1 9   2 2   8 0   
1 6   4 5   9 0   
4 2   5 6   10 0   
13 12   16 0   
13 9   15 7   17 0   
11 9   12 2   18 0   
11 6   14 5   19 0   
14 2   15 6   20 0   
23 12   26 0   
23 9   25 7   27 0   
21 9   22 2   28 0   
21 6   24 5   29 0   
24 2   25 6   30 0   
33 12   36 0   
33 9   35 7   37 0   
31 9   32 2   38 0   
31 6   34 5   39 0   
34 2   35 6   40 0   
43 12   46 0   
43 9   45 7   47 0   
41 9   42 2   48 0   
41 6   44 5   49 0   
44 2   45 6   50 0   
53 12   56 0   
53 9   55 7   57 0   
51 9   52 2   58 0   
51 6   54 5   59 0   
54 2   55 6   60 0   
63 12   66 0   
63 9   65 7   67 0   
61 9   62 2   68 0   
61 6   64 5   69 0   
64 2   65 6   70 0   
73 12   76 0   
73 9   75 7   77 0   
71 9   72 2   78 0   
71 6   74 5   79 0   
74 2   75 6   80 0   
83 12   86 0   
83 9   85 7   87 0   
81 9   82 2   88 0   
81 6   84 5   89 0   
84 2   85 6   90 0   
93 12   96 0   
93 9   95 7   97 0   
91 9   92 2   98 0   
91 6   94 5   99 0   
94 2   95 6   100 0   
103 12   106 0   
103 9   105 7   107 0   
101 9   102 2   108 0   
101 6   104 5   109 0   
104 2   105 6   110 0   
113 12   116 0   
113 9   115 7   117 0   
111 9   112 2   118 0   
111 6   114 5   119 0   
114 2   115 6   120 0   
123 12   126 0   
123 9   125 7   127 0   
121 9   122 2   128 0   
121 6   124 5   129 0   
124 2   125 6   130 0   
133 12   136 0   
133 9   135 7   137 0   
131 9   132 2   138 0   
131 6   134 5   139 0   
134 2   135 6   140 0   
143 12   146 0   
143 9   145 7   147 0   
141 9   142 2   148 0   
141 6   144 5   149 0   
144 2   145 6   150 0   
153 12   156 0   
153 9   155 7   157 0   
151 9   152 2   158 0   
151 6   154 5   159 0   
154 2   155 6   160 0   
163 12   166 0   
163 9   165 7   167 0   
161 9   162 2   168 0   
161 6   164 5   169 0   
164 2   165 6   170 0   
173 12   176 0   
173 9   175 7   177 0   
171 9   172 2   178 0   
171 6   174 5   179 0   
174 2   175 6   180 0   
183 12   186 0   
183 9   185 7   187 0   
181 9   182 2   188 0   
181 6   184 5   189 0   
184 2   185 6   190 0   
193 12   196 0   
193 9   195 7   197 0   
191 9   192 2   198 0   
191 6   194 5   199 0   
194 2   195 6   200 0   
203 12   206 0   
203 9   205 7   207 0   
201 9   202 2   208 0   
201 6   204 5   209 0   
204 2   205 6   210 0   
213 12   216 0   
213 9   215 7   217 0   
211 9   212 2   218 0   
211 6   214 5   219 0   
214 2   215 6   220 0   
223 12   226 0   
223 9   225 7   227 0   
221 9   222 2   228 0   
221 6   224 5   229 0   
224 2   225 6   230 0   
233 12   236 0   
233 9   235 7   237 0   
231 9   232 2   238 0   
231 6   234 5   239 0   
234 2   235 6   240 0   
243 12   246 0   
243 9   245 7   247 0   
241 9   242 2   248 0   
241 6   244 5   249 0   
244 2   245 6   250 0   
253 12   256 0   
253 9   255 7   257 0   
251 9   252 2   258 0   
251 6   254 5   259 0   
254 2   255 6   260 0   
263 12   266 0   
263 9   265 7   267 0   
261 9   262 2   268 0   
261 6   264 5   269 0   
264 2   265 6   270 0   
273 12   276 0   
273 9   275 7   277 0   
271 9   272 2   278 0   
271 6   274 5   279 0   
274 2   275 6   280 0   
283 12   286 0   
283 9   285 7   287 0   
281 9   282 2   288 0   
281 6   284 5   289 0   
284 2   285 6   290 0   
293 12   296 0   
293 9   295 7   297 0   
291 9   292 2   298 0   
291 6   294 5   299 0   
294 2   295 6   300 0   
303 12   306 0   
303 9   305 7   307 0   
301 9   302 2   308 0   
301 6   304 5   309 0   
304 2   305 6   310 0   
313 12   316 0   
313 9   315 7   317 0   
311 9   312 2   318 0   
311 6   314 5   319 0   
314 2   315 6   320 0   
323 12   326 0   
323 9   325 7   327 0   
321 9   322 2   328 0   
321 6   324 5   329 0   
324 2   325 6   330 0   
333 12   336 0   
333 9   335 7   337 0   
331 9   332 2   338 0   
331 6   334 5   339 0   
334 2   335 6   340 0   
343 12   346 0   
343 9   345 7   347 0   
341 9   342 2   348 0   
341 6   344 5   349 0   
344 2   345 6   350 0   
353 12   356 0   
353 9   355 7   357 0   
351 9   352 2   358 0   
351 6   354 5   359 0   
354 2   355 6   360 0   
363 12   366 0   
363 9   365 7   367 0   
361 9   362 2   368 0   
361 6   364 5   369 0   
364 2   365 6   370 0   
373 12   376 0   
373 9   375 7   377 0   
371 9   372 2   378 0   
371 6   374 5   379 0   
374 2   375 6   380 0   
383 12   386 0   
383 9   385 7   387 0   
381 9   382 2   388 0   
381 6   384 5   389 0   
384 2   385 6   390 0   
393 12   396 0   
393 9   395 7   397 0   
391 9   392 2   398 0   
391 6   394 5   399 0   
394 2   395 6   400 0   
403 12   406 0   
403 9   405 7   407 0   
401 9   402 2   408 0   
401 6   404 5   409 0   
404 2   405 6   410 0   
413 12   416 0   
413 9   415 7   417 0   
411 9   412 2   418 0   
411 6   414 5   419 0   
414 2   415 6   420 0   
423 12   426 0   
423 9   425 7   427 0   
421 9   422 2   428 0   
421 6   424 5   429 0   
424 2   425 6   430 0   
433 12   436 0   
433 9   435 7   437 0   
431 9   432 2   438 0   
431 6   434 5   439 0   
434 2   435 6   440 0   
443 12   446 0   
443 9   445 7   447 0   
441 9   442 2   448 0   
441 6   444 5   449 0   
444 2   445 6   450 0   
453 12   456 0   
453 9   455 7   457 0   
451 9   452 2   458 0   
451 6   454 5   459 0   
454 2   455 6   460 0   
463 12   466 0   
463 9   465 7   467 0   
461 9   462 2   468 0   
461 6   464 5   469 0   
464 2   465 6   470 0   
473 12   476 0   
473 9   475 7   477 0   
471 9   472 2   478 0   
471 6   474 5   479 0   
474 2   475 6   480 0   
483 12   486 0   
483 9   485 7   487 0   
481 9   482 2   488 0   
481 6   484 5   489 0   
484 2   485 6   490 0   
493 12   496 0   
493 9   495 7   497 0   
491 9   492 2   498 0   
491 6   494 5   499 0   
494 2   495 6   500 0   
503 12   506 0   
503 9   505 7   507 0   
501 9   502 2   508 0   
501 6   504 5   509 0   
504 2   505 6   510 0   
513 12   516 0   
513 9   515 7   517 0   
511 9   512 2   518 0   
511 6   514 5   519 0   
514 2   515 6   520 0   
523 12   526 0   
523 9   525 7   527 0   
521 9   522 2   528 0   
521 6   524 5   529 0   
524 2   525 6   530 0   
533 12   536 0   
533 9   535 7   537 0   
531 9   532 2   538 0   
531 6   534 5   539 0   
534 2   535 6   540 0   
543 12   546 0   
543 9   545 7   547 0   
541 9   542 2   548 0   
541 6   544 5   549 0   
544 2   545 6   550 0   
553 12   556 0   
553 9   555 7   557 0   
551 9   552 2   558 0   
551 6   554 5   559 0   
554 2   555 6   560 0   
563 12   566 0   
563 9   565 7   567 0   
561 9   562 2   568 0   
561 6   564 5   569 0   
564 2   565 6   570 0   
573 12   576 0   
573 9   575 7   577 0   
571 9   572 2   578 0   
571 6   574 5   579 0   
574 2   575 6   580 0   
583 12   586 0   
583 9   585 7   587 0   
581 9   582 2   588 0   
581 6   584 5   589 0   
584 2   585 6   590 0   
593 12   596 0   
593 9   595 7   597 0   
591 9   592 2   598 0   
591 6   594 5   599 0   
594 2   595 6   600 0   
